header:
  seq: 999
  stamp:
    secs: 1435607489
    nsecs: 924811809
  frame_id: base_link
status:
  status: 0
  service: 1
latitude: -6.895696
longitude: 107.618579
altitude: 27
position_covariance: [0, 0.0, 0.0, 0.0, 0, 0.0, 0.0, 0.0, 0]
position_covariance_type: 2
